ID	UTMx	UTMy
PNAE 12	508904,598	4673662,41
PNAE 11	508930,836	4673961,144
PNAE 6	509460,365	4675078,913
PNAE 5	509528,049	4675198,807
PNAE 2	509583,477	4675357,633
PNAE 4	509628,1	4675078,687
PNAE 3	509656,454	4675160,315
PNAE 7	509384,211	4675434,016
PNAE 1	509428,7	4675513,799
PNAE 8	509321,621	4675535,129
PNAE 9	509379,283	4675652,162
PNAE 10	509301,755	4675996,502
	507055,481	4678099,189
	507055,481	4678099,189
	507055,481	4678099,189
	506655,799	4677189,398
	506655,799	4677189,398
	506655,799	4677189,398
	508773,456	4675471,089
	508773,456	4675471,089
	508773,456	4675471,089
	508715,919	4675525,027
	508715,919	4675525,027
	508715,919	4675525,027
	508606,654	4675572,955
	508606,654	4675572,955
	508606,654	4675572,955
	508395,896	4675839,239
	508395,896	4675839,239
	508395,896	4675839,239
	508332,316	4675909,577
	508332,316	4675909,577
	508332,316	4675909,577
	508567,821	4675612,293
	508567,821	4675612,293
	508567,821	4675612,293
	510035,412	4678426,925
	510035,412	4678426,925
	510035,412	4678426,925
	509887,325	4678392,27
	509887,325	4678392,27
	509887,325	4678392,27
	510044,822	4678387,342
	510044,822	4678387,342
	510044,822	4678387,342
	510138,9	4678402,941
	510138,9	4678402,941
	510138,9	4678402,941
	510088,149	4678392,441
	510088,149	4678392,441
	510088,149	4678392,441
	510125,363	4678436,972
	510125,363	4678436,972
	510125,363	4678436,972
	510117,458	4678477,96
	510117,458	4678477,96
	510117,458	4678477,96
	510112,641	4678497,435
	510112,641	4678497,435
	510112,641	4678497,435
	510370,039	4678430,618
	510370,039	4678430,618
	510370,039	4678430,618
	510888,404	4678212,388
	510888,404	4678212,388
	510888,404	4678212,388
	510914,541	4678199,995
	510914,541	4678199,995
	510914,541	4678199,995
	510927,803	4678180,534
	510927,803	4678180,534
	510927,803	4678180,534
	510911,567	4678245,489
	510911,567	4678245,489
	510911,567	4678245,489
	510899,303	4678286,824
	510899,303	4678286,824
	510899,303	4678286,824
	510976,483	4678260,941
	510976,483	4678260,941
	510976,483	4678260,941
	510982,829	4678285,806
	510982,829	4678285,806
	510982,829	4678285,806
	511052,17	4678336,443
	511052,17	4678336,443
	511052,17	4678336,443
	508070,983	4674716,386
	508070,983	4674716,386
	508070,983	4674716,386
	508010,279	4674702,282
	508010,279	4674702,282
	508010,279	4674702,282
	507904,478	4674567,528
	507904,478	4674567,528
	507904,478	4674567,528
	508317,672	4674969,042
	508317,672	4674969,042
	508317,672	4674969,042
	508669,477	4675044,639
	508669,477	4675044,639
	508669,477	4675044,639
	508893,566	4674956,166
	508893,566	4674956,166
	508893,566	4674956,166
	509171,856	4675295,291
	509171,856	4675295,291
	509171,856	4675295,291
	508975,965	4675262,025
	508975,965	4675262,025
	508975,965	4675262,025
	509117,797	4675435,123
	509117,797	4675435,123
	509117,797	4675435,123
	508730,287	4675394,385
	508730,287	4675394,385
	508730,287	4675394,385
	508820,158	4674710,466
	508820,158	4674710,466
	508820,158	4674710,466
	508481,357	4674145,731
	508481,357	4674145,731
	508481,357	4674145,731
	508378,328	4674042,706
	508378,328	4674042,706
	508378,328	4674042,706
	507923,988	4674289,373
	507923,988	4674289,373
	507923,988	4674289,373
	507671,257	4674271,401
	507671,257	4674271,401
	507671,257	4674271,401
	507666,339	4674234,882
	507666,339	4674234,882
	507666,339	4674234,882
	507595,177	4674333,791
	507595,177	4674333,791
	507595,177	4674333,791
	507881,262	4674034,783
	507881,262	4674034,783
	507881,262	4674034,783
	507954,341	4673941,523
	507954,341	4673941,523
	507954,341	4673941,523
	508116,633	4673805,508
	508116,633	4673805,508
	508116,633	4673805,508
	508438,915	4674033,558
	508438,915	4674033,558
	508438,915	4674033,558
	508175,211	4673624,461
	508175,211	4673624,461
	508175,211	4673624,461
	508245,248	4673581,045
	508245,248	4673581,045
	508245,248	4673581,045
	508151,127	4673497,34
	508151,127	4673497,34
	508151,127	4673497,34
	507884,688	4673315,529
	507884,688	4673315,529
	507884,688	4673315,529
	507959,952	4673383,424
	507959,952	4673383,424
	507959,952	4673383,424
	507944,143	4673377,164
	507944,143	4673377,164
	507944,143	4673377,164
	507926,957	4673368,685
	507926,957	4673368,685
	507926,957	4673368,685
	507854,13	4673465,059
	507854,13	4673465,059
	507854,13	4673465,059
	507582,521	4673349,131
	507582,521	4673349,131
	507582,521	4673349,131
	507614,557	4673443,484
	507614,557	4673443,484
	507614,557	4673443,484
	507411,413	4673282,9
	507411,413	4673282,9
	507411,413	4673282,9
	507388,254	4673228,789
	507388,254	4673228,789
	507388,254	4673228,789
	507319,654	4673282,864
	507319,654	4673282,864
	507319,654	4673282,864
	507319,351	4673325,853
	507319,351	4673325,853
	507319,351	4673325,853
	507416,782	4673463,183
	507416,782	4673463,183
	507416,782	4673463,183
	507165,849	4673425,051
	507165,849	4673425,051
	507165,849	4673425,051
	507217,356	4673543,173
	507217,356	4673543,173
	507217,356	4673543,173
	507124,5	4673445,133
	507124,5	4673445,133
	507124,5	4673445,133
	506989,939	4673533,182
	506989,939	4673533,182
	506989,939	4673533,182
	506906,929	4673567,667
	506906,929	4673567,667
	506906,929	4673567,667
	506554,15	4675112,133
	506554,15	4675112,133
	506554,15	4675112,133
	506342,288	4675047,683
	506342,288	4675047,683
	506342,288	4675047,683
	506275,105	4675100,479
	506275,105	4675100,479
	506275,105	4675100,479
	506234,505	4675254,264
	506234,505	4675254,264
	506234,505	4675254,264
	506624,06	4674287,843
	506624,06	4674287,843
	506624,06	4674287,843
	506562,173	4674138,314
	506562,173	4674138,314
	506562,173	4674138,314
	506670,311	4673974,669
	506670,311	4673974,669
	506670,311	4673974,669
	506692,881	4672953,201
	506692,881	4672953,201
	506692,881	4672953,201
	506843,093	4672406,541
	506843,093	4672406,541
	506843,093	4672406,541
	506852,552	4672445,593
	506852,552	4672445,593
	506852,552	4672445,593
	506527,528	4672234,805
	506527,528	4672234,805
	506527,528	4672234,805
	506718,849	4672159,163
	506718,849	4672159,163
	506718,849	4672159,163
	506801,368	4671546,169
	506801,368	4671546,169
	506801,368	4671546,169
	507495,386	4672598,711
	507495,386	4672598,711
	507495,386	4672598,711
	508321,633	4672518,747
	508321,633	4672518,747
	508321,633	4672518,747
	507249,507	4672975,841
	507249,507	4672975,841
	507249,507	4672975,841
	507191,364	4673090,272
	507191,364	4673090,272
	507191,364	4673090,272
	506942,437	4671806,469
	506942,437	4671806,469
	506942,437	4671806,469
	507639,938	4673117,087
	507639,938	4673117,087
	507639,938	4673117,087
	507561,524	4673191,116
	507561,524	4673191,116
	507561,524	4673191,116
	506829,473	4671877,532
	506829,473	4671877,532
	506829,473	4671877,532
	506979,685	4671987,586
	506979,685	4671987,586
	506979,685	4671987,586
	507809,016	4674918,985
	507809,016	4674918,985
	507809,016	4674918,985
	510423,296	4678135,624
	510423,296	4678135,624
	510423,296	4678135,624
	510065,989	4678336,767
	510065,989	4678336,767
	510065,989	4678336,767
	510310,378	4678204,743
	510310,378	4678204,743
	510310,378	4678204,743
	510325,725	4678234,138
	510325,725	4678234,138
	510325,725	4678234,138
	510332,511	4678259,957
	510332,511	4678259,957
	510332,511	4678259,957
	510330,82	4678282,438
	510330,82	4678282,438
	510330,82	4678282,438
	510324,22	4678303,603
	510324,22	4678303,603
	510324,22	4678303,603
	510222,009	4678253,398
	510222,009	4678253,398
	510222,009	4678253,398
	510546,996	4678079,384
	510546,996	4678079,384
	510546,996	4678079,384
	510848,609	4678291,831
	510848,609	4678291,831
	510848,609	4678291,831
	510832,699	4678310,579
	510832,699	4678310,579
	510832,699	4678310,579
	511115,301	4678321,107
	511115,301	4678321,107
	511115,301	4678321,107
	511210,467	4678228,445
	511210,467	4678228,445
	511210,467	4678228,445
	511142,441	4678162,247
	511142,441	4678162,247
	511142,441	4678162,247
	509303,868	4678486,919
	509303,868	4678486,919
	509303,868	4678486,919
	507255,025	4678790,542
	507255,025	4678790,542
	507255,025	4678790,542
	510282,439	4678203,807
	510282,439	4678203,807
	510282,439	4678203,807
	508334,369	4676774,081
	508334,369	4676774,081
	508334,369	4676774,081
	508375,663	4676822,615
	508375,663	4676822,615
	508375,663	4676822,615
	508426,534	4676853,344
	508426,534	4676853,344
	508426,534	4676853,344
	508518,047	4676663,705
	508518,047	4676663,705
	508518,047	4676663,705
	509216,312	4676433,939
	509216,312	4676433,939
	509216,312	4676433,939
	509807,461	4675747,573
	509807,461	4675747,573
	509807,461	4675747,573
	509907,978	4675677,762
	509907,978	4675677,762
	509907,978	4675677,762
	509909,05	4675586,699
	509909,05	4675586,699
	509909,05	4675586,699
	509959,069	4675578,229
	509959,069	4675578,229
	509959,069	4675578,229
	509696,307	4675713,202
	509696,307	4675713,202
	509696,307	4675713,202
	509745,506	4675731,631
	509745,506	4675731,631
	509745,506	4675731,631
	509899,858	4675649,781
	509899,858	4675649,781
	509899,858	4675649,781
	509796,015	4675477,002
	509796,015	4675477,002
	509796,015	4675477,002
	509287,151	4675266,62
	509287,151	4675266,62
	509287,151	4675266,62
	509235,08	4675394,413
	509235,08	4675394,413
	509235,08	4675394,413
	511244,951	4678261,13
	511244,951	4678261,13
	511244,951	4678261,13
	511339,516	4678345,254
	511339,516	4678345,254
	511339,516	4678345,254
	511345,132	4678323,76
	511345,132	4678323,76
	511345,132	4678323,76
	511359,865	4678302,466
	511359,865	4678302,466
	511359,865	4678302,466
	511371,059	4678283,206
	511371,059	4678283,206
	511371,059	4678283,206
	511330,554	4678364,701
	511330,554	4678364,701
	511330,554	4678364,701
	511388,985	4678242,824
	511388,985	4678242,824
	511388,985	4678242,824
	511452,689	4678196,77
	511452,689	4678196,77
	511452,689	4678196,77
	511468,13	4678081,682
	511468,13	4678081,682
	511468,13	4678081,682
	511476,103	4678098,563
	511476,103	4678098,563
	511476,103	4678098,563
	511416,637	4678054,721
	511416,637	4678054,721
	511416,637	4678054,721
	511580,911	4678032,05
	511580,911	4678032,05
	511580,911	4678032,05
	511516,655	4677949,087
	511516,655	4677949,087
	511516,655	4677949,087
	511413,041	4677769,646
	511413,041	4677769,646
	511413,041	4677769,646
	511381,903	4677802,692
	511381,903	4677802,692
	511381,903	4677802,692
	511405,696	4677902,296
	511405,696	4677902,296
	511405,696	4677902,296
	511301,919	4677848,672
	511301,919	4677848,672
	511301,919	4677848,672
	511261,498	4677883,009
	511261,498	4677883,009
	511261,498	4677883,009
	511213,222	4677736,124
	511213,222	4677736,124
	511213,222	4677736,124
	511246,28	4677629,642
	511246,28	4677629,642
	511246,28	4677629,642
	511143,25	4677708,683
	511143,25	4677708,683
	511143,25	4677708,683
	511131,071	4677623,777
	511131,071	4677623,777
	511131,071	4677623,777
	511114,489	4677458,318
	511114,489	4677458,318
	511114,489	4677458,318
	511017,624	4677595,834
	511017,624	4677595,834
	511017,624	4677595,834
	511154,478	4677894,752
	511154,478	4677894,752
	511154,478	4677894,752
	511116,97	4677952,714
	511116,97	4677952,714
	511116,97	4677952,714
	511149,104	4677817,216
	511149,104	4677817,216
	511149,104	4677817,216
	511176,947	4678139,298
	511176,947	4678139,298
	511176,947	4678139,298
	509333,718	4674254,275
	509333,718	4674254,275
	509333,718	4674254,275
	508761,008	4673040,647
	508761,008	4673040,647
	508761,008	4673040,647
	508818,394	4672891,265
	508818,394	4672891,265
	508818,394	4672891,265
	508825,802	4672812,676
	508825,802	4672812,676
	508825,802	4672812,676
	508967,737	4672884,971
	508967,737	4672884,971
	508967,737	4672884,971
	508958,064	4672873,76
	508958,064	4672873,76
	508958,064	4672873,76
	508946,774	4672860,676
	508946,774	4672860,676
	508946,774	4672860,676
	508929,538	4672849,889
	508929,538	4672849,889
	508929,538	4672849,889
	508921,678	4672796,954
	508921,678	4672796,954
	508921,678	4672796,954
	508913,377	4672791,86
	508913,377	4672791,86
	508913,377	4672791,86
	508906,392	4672761,404
	508906,392	4672761,404
	508906,392	4672761,404
	508860,465	4672758,298
	508860,465	4672758,298
	508860,465	4672758,298
	508883,824	4672718,633
	508883,824	4672718,633
	508883,824	4672718,633
	508861,556	4672920,228
	508861,556	4672920,228
	508861,556	4672920,228
	508533,959	4672945,892
	508533,959	4672945,892
	508533,959	4672945,892
	508838,811	4673426,982
	508838,811	4673426,982
	508838,811	4673426,982
	508687,849	4673503,976
	508687,849	4673503,976
	508687,849	4673503,976
	508689,511	4673467,094
	508689,511	4673467,094
	508689,511	4673467,094
	508805,543	4673159,453
	508805,543	4673159,453
	508805,543	4673159,453
	509182,005	4673094,109
	509182,005	4673094,109
	509182,005	4673094,109
	508876,035	4673231,674
	508876,035	4673231,674
	508876,035	4673231,674
	508909,218	4673236,303
	508909,218	4673236,303
	508909,218	4673236,303
	508797,859	4673265,984
	508797,859	4673265,984
	508797,859	4673265,984
	508891,571	4673267,582
	508891,571	4673267,582
	508891,571	4673267,582
	508686,678	4673169,917
	508686,678	4673169,917
	508686,678	4673169,917
	508687,649	4673236,715
	508687,649	4673236,715
	508687,649	4673236,715
	508871,409	4673126,832
	508871,409	4673126,832
	508871,409	4673126,832
	508877,358	4673193,257
	508877,358	4673193,257
	508877,358	4673193,257
	508923,207	4673469,966
	508923,207	4673469,966
	508923,207	4673469,966
	508507,246	4673120,222
	508507,246	4673120,222
	508507,246	4673120,222
	508526,054	4673125,049
	508526,054	4673125,049
	508526,054	4673125,049
	508573,929	4672879,573
	508573,929	4672879,573
	508573,929	4672879,573
	508523,277	4672983,224
	508523,277	4672983,224
	508523,277	4672983,224
	508524,68	4672971,087
	508524,68	4672971,087
	508524,68	4672971,087
	508440,687	4673152,289
	508440,687	4673152,289
	508440,687	4673152,289
	508796,107	4673402,391
	508796,107	4673402,391
	508796,107	4673402,391
	508689,956	4673385,861
	508689,956	4673385,861
	508689,956	4673385,861
	508631,004	4673498,901
	508631,004	4673498,901
	508631,004	4673498,901
	508946,879	4673856,134
	508946,879	4673856,134
	508946,879	4673856,134
	508905,455	4673836,697
	508905,455	4673836,697
	508905,455	4673836,697
	508911,328	4673762,907
	508911,328	4673762,907
	508911,328	4673762,907
	508327,514	4672969,154
	508327,514	4672969,154
	508327,514	4672969,154
	508388,348	4672853,304
	508388,348	4672853,304
	508388,348	4672853,304
	508165,309	4673317,295
	508165,309	4673317,295
	508165,309	4673317,295
	507975,763	4673132,621
	507975,763	4673132,621
	507975,763	4673132,621
	508073,411	4672969,508
	508073,411	4672969,508
	508073,411	4672969,508
	508159,818	4672901,081
	508159,818	4672901,081
	508159,818	4672901,081
	508151,581	4672834,715
	508151,581	4672834,715
	508151,581	4672834,715
	508213,889	4672784,249
	508213,889	4672784,249
	508213,889	4672784,249
	508029,756	4673037,217
	508029,756	4673037,217
	508029,756	4673037,217
	507911,561	4672881,858
	507911,561	4672881,858
	507911,561	4672881,858
	507950,083	4672764,944
	507950,083	4672764,944
	507950,083	4672764,944
	507895,699	4672670,593
	507895,699	4672670,593
	507895,699	4672670,593
	509619,404	4674838,518
	509619,404	4674838,518
	509619,404	4674838,518
	509463,811	4674977,484
	509463,811	4674977,484
	509463,811	4674977,484
	509367,629	4674753,166
	509367,629	4674753,166
	509367,629	4674753,166
	509329,932	4674837,146
	509329,932	4674837,146
	509329,932	4674837,146
	509285,567	4674756,63
	509285,567	4674756,63
	509285,567	4674756,63
	509224,001	4674736,075
	509224,001	4674736,075
	509224,001	4674736,075
	509477,882	4674595,515
	509477,882	4674595,515
	509477,882	4674595,515
	509469,828	4674571,191
	509469,828	4674571,191
	509469,828	4674571,191
	509651,095	4674959,538
	509651,095	4674959,538
	509651,095	4674959,538
	509196,545	4674406,671
	509196,545	4674406,671
	509196,545	4674406,671
	508881,256	4674267,2
	508881,256	4674267,2
	508881,256	4674267,2
	508828,297	4674308,98
	508828,297	4674308,98
	508828,297	4674308,98
	508838,573	4674404,744
	508838,573	4674404,744
	508838,573	4674404,744
	508974,938	4674380,201
	508974,938	4674380,201
	508974,938	4674380,201
	509189,698	4674313,131
	509189,698	4674313,131
	509189,698	4674313,131
	509956,079	4676026,425
	509956,079	4676026,425
	509956,079	4676026,425
	510003,358	4675833,602
	510003,358	4675833,602
	510003,358	4675833,602
	509769,41	4675804,677
	509769,41	4675804,677
	509769,41	4675804,677
	508683,204	4673838,366
	508683,204	4673838,366
	508683,204	4673838,366
	508879,009	4673577,163
	508879,009	4673577,163
	508879,009	4673577,163
	508305,837	4673616,315
	508305,837	4673616,315
	508305,837	4673616,315
	507750,968	4672825,86
	507750,968	4672825,86
	507750,968	4672825,86
	507948,128	4672404,392
	507948,128	4672404,392
	507948,128	4672404,392
	507999,319	4672340,051
	507999,319	4672340,051
	507999,319	4672340,051
	508526,558	4672263,436
	508526,558	4672263,436
	508526,558	4672263,436
	508382,815	4672047,467
	508382,815	4672047,467
	508382,815	4672047,467
	509034,541	4672047,654
	509034,541	4672047,654
	509034,541	4672047,654
	508993,107	4671880,879
	508993,107	4671880,879
	508993,107	4671880,879
	508840,823	4671892,986
	508840,823	4671892,986
	508840,823	4671892,986
	508875,475	4671769,056
	508875,475	4671769,056
	508875,475	4671769,056
	508877,239	4671714,301
	508877,239	4671714,301
	508877,239	4671714,301
	508930,21	4671351,547
	508930,21	4671351,547
	508930,21	4671351,547
	508831,987	4671315,266
	508831,987	4671315,266
	508831,987	4671315,266
	508824,57	4671299,755
	508824,57	4671299,755
	508824,57	4671299,755
	508519,73	4671895,438
	508519,73	4671895,438
	508519,73	4671895,438
	508446,78	4671826,719
	508446,78	4671826,719
	508446,78	4671826,719
	508218,827	4671595,438
	508218,827	4671595,438
	508218,827	4671595,438
	508110,364	4672004,218
	508110,364	4672004,218
	508110,364	4672004,218
	508979,84	4671635,229
	508979,84	4671635,229
	508979,84	4671635,229
	508679,594	4676831,469
	508679,594	4676831,469
	508679,594	4676831,469
	508645,092	4676787,241
	508645,092	4676787,241
	508645,092	4676787,241
